1 0.81171875 0.28671875 0.1984375 0.2453125
1 0.14296875 0.234375 0.1671875 0.171875
1 0.5375 0.2375 0.05 0.05625
1 0.48125 0.240625 0.0625 0.059375
1 0.38671875 0.27109375 0.0546875 0.0640625
1 0.684375 0.20859375 0.096875 0.1140625
1 0.60625 0.23046875 0.08125 0.1046875
2 0.53671875 0.6171875 0.0546875 0.06875
2 0.390625 0.70546875 0.04375 0.0984375
5 0.559375 0.934375 0.078125 0.128125
5 0.44609375 0.9640625 0.0828125 0.06875
7 0.83359375 0.70859375 0.3296875 0.5765625
7 0.48046875 0.415625 0.1421875 0.190625
