5 0.78 0.7627627627627628 0.036 0.024024024024024024
5 0.736 0.7612612612612613 0.02 0.02702702702702703
5 0.594 0.7627627627627628 0.02 0.024024024024024024
5 0.4 0.7552552552552553 0.02 0.02702702702702703
5 0.272 0.7597597597597597 0.032 0.03003003003003003
5 0.14 0.7567567567567568 0.02 0.042042042042042045
5 0.554 0.7612612612612613 0.02 0.02702702702702703
5 0.436 0.7612612612612613 0.02 0.021021021021021023
5 0.23 0.7627627627627628 0.024 0.024024024024024024
5 0.471 0.7627627627627628 0.026 0.036036036036036036
